Standalone MLP Classifier
=========================

{
  "configuration": {
    "command": "train_mlp_classifier(num_hands=4000, iters=80, seed=0, group_split=True, with_opponent=True, balance=True)",
    "seed": 0,
    "num_hands": 4000,
    "equity_iterations": 80,
    "pipeline": [
      "StandardScaler",
      "MLPClassifier"
    ],
    "hidden_layer_sizes": [
      32
    ],
    "activation": "relu",
    "solver": "adam",
    "max_iter": 500,
    "early_stopping": false,
    "validation_fraction": 0.1,
    "n_iter_no_change": 20,
    "random_state": 0,
    "group_split_by_hand": true,
    "opponent_features": true,
    "balanced_training_set": true
  },
  "environment": {
    "python": "3.12.4",
    "numpy": "2.4.3",
    "scikit_learn": "1.9.0",
    "matplotlib": "3.10.8"
  },
  "dataset": {
    "sample_count": 5570,
    "feature_count": 15,
    "class_distribution": {
      "ALL_IN": 47,
      "CHECK_CALL": 1488,
      "FOLD": 760,
      "RAISE_HALF_POT": 24,
      "RAISE_POT": 3251
    },
    "training_sample_count": 12910,
    "test_sample_count": 1125
  },
  "evaluation": {
    "action_classes": [
      "ALL_IN",
      "CHECK_CALL",
      "FOLD",
      "RAISE_HALF_POT",
      "RAISE_POT"
    ],
    "stratified_split": false,
    "early_stopping_enabled": false,
    "test_accuracy": 0.9786666666666667,
    "confusion_matrix": [
      [
        7,
        0,
        0,
        0,
        1
      ],
      [
        0,
        291,
        4,
        0,
        4
      ],
      [
        0,
        3,
        141,
        0,
        0
      ],
      [
        0,
        2,
        0,
        1,
        2
      ],
      [
        3,
        2,
        0,
        3,
        661
      ]
    ],
    "classification_report": {
      "ALL_IN": {
        "precision": 0.7,
        "recall": 0.875,
        "f1-score": 0.7777777777777778,
        "support": 8.0
      },
      "CHECK_CALL": {
        "precision": 0.9765100671140939,
        "recall": 0.9732441471571907,
        "f1-score": 0.9748743718592965,
        "support": 299.0
      },
      "FOLD": {
        "precision": 0.9724137931034482,
        "recall": 0.9791666666666666,
        "f1-score": 0.9757785467128027,
        "support": 144.0
      },
      "RAISE_HALF_POT": {
        "precision": 0.25,
        "recall": 0.2,
        "f1-score": 0.2222222222222222,
        "support": 5.0
      },
      "RAISE_POT": {
        "precision": 0.9895209580838323,
        "recall": 0.9880418535127056,
        "f1-score": 0.9887808526551982,
        "support": 669.0
      },
      "accuracy": 0.9786666666666667,
      "macro avg": {
        "precision": 0.7776889636602748,
        "recall": 0.8030905334673125,
        "f1-score": 0.7878867542454595,
        "support": 1125.0
      },
      "weighted avg": {
        "precision": 0.9785276597618617,
        "recall": 0.9786666666666667,
        "f1-score": 0.9785131303753193,
        "support": 1125.0
      }
    },
    "training_iterations": 436,
    "first_loss": 1.7120493217300523,
    "final_loss": 0.003439823880127186,
    "loss_generally_decreased": true,
    "decreasing_step_fraction": 0.7333333333333333,
    "loss_curve": [
      1.7120493217300523,
      1.1276023205428425,
      0.7721361876552418,
      0.5778794051636629,
      0.46881443104293413,
      0.39950043920652334,
      0.3504103443063941,
      0.31358979099693496,
      0.28428815087700826,
      0.2598714291610984,
      0.23928023109920205,
      0.2219708855304465,
      0.20679804404021707,
      0.1937019308465378,
      0.18230567223523111,
      0.17211891049285438,
      0.16304868619260487,
      0.15507687690963126,
      0.14806171792763556,
      0.14164174231395457,
      0.1356283215836572,
      0.1302052188428752,
      0.12541770837373944,
      0.12091758967203244,
      0.11694481996515078,
      0.11281003791867364,
      0.10924877816947738,
      0.10577871685317007,
      0.10271808417634182,
      0.09977159687407787,
      0.09698945269375864,
      0.09426418501837305,
      0.09163579143509983,
      0.08911612738367407,
      0.0869136281724469,
      0.08472232213934819,
      0.08267780580201439,
      0.0806990484118042,
      0.07862040962285964,
      0.07686072507323889,
      0.07504103195274706,
      0.07328160310447412,
      0.0716357814030229,
      0.07014282083735097,
      0.06871282971372879,
      0.06704372822224151,
      0.06586047109277465,
      0.06456772416266655,
      0.0630286617326042,
      0.06170364087993767,
      0.060442713361819965,
      0.05912614355906865,
      0.05783593394188446,
      0.05705099521034299,
      0.055595503533195444,
      0.0547884059613194,
      0.05371735680290569,
      0.05272346481194852,
      0.05162141336233336,
      0.05088774983955889,
      0.0499346610109802,
      0.04916337762022448,
      0.04808150798238675,
      0.047250586615534745,
      0.04666820360134852,
      0.04559044301457712,
      0.044969443240058776,
      0.04432859493831956,
      0.04391213203051794,
      0.04310487759092391,
      0.04244427521623788,
      0.04174638657260113,
      0.04087868768450193,
      0.040472812411049615,
      0.03975497775145019,
      0.039270020933082114,
      0.038665504861423276,
      0.03807366225161986,
      0.037768646030691876,
      0.037003918642788125,
      0.03664195505796803,
      0.036420688679247415,
      0.035482917115578716,
      0.035324592940768694,
      0.03479834051068856,
      0.03433110684931046,
      0.033882918708490965,
      0.033430120324959664,
      0.032819313394251065,
      0.03244650696576773,
      0.03213114287941932,
      0.03171414540354409,
      0.031326782745635426,
      0.030860727696951414,
      0.030676058519336073,
      0.03023292710950598,
      0.029825228047094712,
      0.02951937671346109,
      0.029399454408260108,
      0.02850773262157736,
      0.02844852603670095,
      0.028215145181837355,
      0.02771449878983341,
      0.027689746642599537,
      0.027097309009057338,
      0.026780987471571725,
      0.026369334676181928,
      0.026290548264073493,
      0.026179271647678592,
      0.025599598328585337,
      0.025335952072416377,
      0.025282881840452867,
      0.025016789503480005,
      0.024702694134478585,
      0.02430301825190923,
      0.024342210760636987,
      0.02387457036135473,
      0.023681671189745155,
      0.023614902395789658,
      0.023026242204521246,
      0.022878463602483565,
      0.022669979896696436,
      0.022508506306071673,
      0.02208823188141197,
      0.02223542234291263,
      0.021962391738944452,
      0.02181309942284254,
      0.021776390859670106,
      0.021155307193978668,
      0.021258115492025016,
      0.021026008900650765,
      0.020560182231040475,
      0.021054619230461702,
      0.020289724474447678,
      0.020119390571177665,
      0.020189215171739723,
      0.019961303310985827,
      0.01968966210130546,
      0.01965248124815586,
      0.019390810487723748,
      0.0191057649364773,
      0.018639229738385964,
      0.018750693208967332,
      0.0188881106065,
      0.018559438497184298,
      0.01844223396520391,
      0.018299915071351102,
      0.017941241859144173,
      0.0179501936371045,
      0.01772233997473552,
      0.01769746925510276,
      0.01737751574331582,
      0.017476585934980658,
      0.01720609867684672,
      0.017066272545791163,
      0.01706300278079686,
      0.01684858009862072,
      0.016628327206647486,
      0.016450835258114242,
      0.016229769723874507,
      0.016470491471254338,
      0.01595373037158183,
      0.01598706769081482,
      0.0160782048797097,
      0.015764947445850695,
      0.01569508174435702,
      0.015503052031493995,
      0.015536294930060325,
      0.015143538105951763,
      0.01540649387266017,
      0.015019139977298274,
      0.014986310361479717,
      0.014685662721387384,
      0.014609264269477762,
      0.014609142439352936,
      0.014440262863884485,
      0.014385880108641043,
      0.0143943887761475,
      0.01413933079296781,
      0.014262101416024629,
      0.01390790089350602,
      0.013964179394507979,
      0.013873525389107372,
      0.014148843793382208,
      0.013716502115736754,
      0.013689775567330238,
      0.013512905943626728,
      0.013251828149959526,
      0.013385943865977044,
      0.013111297728253155,
      0.012942275369733226,
      0.013145559235656535,
      0.01282587258565909,
      0.01271430901480918,
      0.012588997222412503,
      0.012479977068538935,
      0.012515527085214818,
      0.012543603869931374,
      0.012238908027684127,
      0.012240357853624501,
      0.012446641613477976,
      0.012049744050843407,
      0.012137061286719392,
      0.011976264895573838,
      0.011789724238635297,
      0.011799893861189905,
      0.011753272705783045,
      0.01174882508052232,
      0.011587852976147183,
      0.011461144825687839,
      0.011304493076165706,
      0.011349079574678917,
      0.0114916753556671,
      0.011131280559680103,
      0.011123626153850659,
      0.010921692129868196,
      0.010862751687888687,
      0.010827521306599683,
      0.01074632543159787,
      0.010848911094398186,
      0.010707182816477269,
      0.010383801229402469,
      0.010534566572324709,
      0.010518504055648617,
      0.010434381322466924,
      0.010372444553112153,
      0.010323173658053764,
      0.010251169455342388,
      0.010153752874748184,
      0.01002770071939893,
      0.010007780126196377,
      0.009909865793244006,
      0.009789263461015956,
      0.009748397680843185,
      0.009867782924850318,
      0.009684424883654109,
      0.009523274639000656,
      0.009693847035405549,
      0.009577220451390677,
      0.00949430417336121,
      0.009543387498417344,
      0.009364728328068566,
      0.00928214366103168,
      0.009284900430490555,
      0.009219157084819298,
      0.009108945828066945,
      0.009038139090508096,
      0.009071408947193016,
      0.008767999611552793,
      0.008921719500872661,
      0.008895185116849176,
      0.008793581078422985,
      0.00874148162274348,
      0.008694518512694267,
      0.008627666685936597,
      0.008685224676419884,
      0.008491040213087078,
      0.008602584757131639,
      0.008431900180730307,
      0.008414753974337452,
      0.008330763333599098,
      0.008364314699503819,
      0.00840885450135842,
      0.008259357090835544,
      0.008169110654194267,
      0.008079199329361691,
      0.008184785972762603,
      0.008155792387111822,
      0.007880094901441894,
      0.007895293383304152,
      0.007833528491534989,
      0.00781803502680803,
      0.007886307064233712,
      0.00805183931140576,
      0.00778834495400023,
      0.007822541286952289,
      0.007834192377678482,
      0.007597957284286868,
      0.00774622804000934,
      0.007468342056924257,
      0.007370930913782869,
      0.0076132593881225764,
      0.007344088494537994,
      0.007352564011916221,
      0.007355430102328109,
      0.007400618800001974,
      0.007303584476867761,
      0.007389299644183978,
      0.007253316880257458,
      0.007289701456788098,
      0.007040343595712275,
      0.007494806767948741,
      0.007060745015097822,
      0.007042888079627002,
      0.006946027663319699,
      0.006898207263832365,
      0.006833560772014685,
      0.006789639573551998,
      0.006740364056540424,
      0.00694247943953706,
      0.006869643263061762,
      0.006597262555641404,
      0.00669143293917209,
      0.00669902424378059,
      0.00652832712191575,
      0.006583191592713752,
      0.006554316328283055,
      0.006437130306046654,
      0.006600264442269189,
      0.00661465527870357,
      0.006435624224570672,
      0.0064933937664466085,
      0.006235570468139421,
      0.006165621326189581,
      0.006130499294162917,
      0.006142195918487143,
      0.006118604393638913,
      0.006252887241022712,
      0.006118258929760074,
      0.006181312483251029,
      0.006056376114134676,
      0.005973712097647257,
      0.00587157317966501,
      0.006133325435000336,
      0.005930276382867573,
      0.0058870118115925225,
      0.005901840938382601,
      0.005965202439548632,
      0.005761611375063983,
      0.005783439671606611,
      0.00587904504313098,
      0.005710814960200761,
      0.005602008258961835,
      0.0057095957845393,
      0.005579154337043065,
      0.005811444983940756,
      0.0059409026150899266,
      0.005600477234336877,
      0.005725244621696088,
      0.005526727339869527,
      0.005607886207286588,
      0.005423032339794616,
      0.005493848498147189,
      0.0054851313506032225,
      0.005491849074911013,
      0.0054249838223767825,
      0.005431224210393922,
      0.005342863827992927,
      0.005246721832736378,
      0.0052523499691137605,
      0.0051773321144352865,
      0.005282375829849212,
      0.00513262432349533,
      0.00516312208126678,
      0.005259074495020512,
      0.005296598748296476,
      0.005060579450704935,
      0.005355547021255992,
      0.005091329318184452,
      0.004821485023559062,
      0.004893485008346331,
      0.0049834376175601535,
      0.0048353292815938335,
      0.005035243555559157,
      0.005106058744887161,
      0.004837183014827175,
      0.004903701127313884,
      0.004897381362426111,
      0.0048193051382206704,
      0.00472349682470642,
      0.0049138315839449345,
      0.004621148888108612,
      0.0046974705466722,
      0.004675581488051513,
      0.004626068999153378,
      0.004825094957586528,
      0.004789818223080871,
      0.004781604991254112,
      0.004710637919288586,
      0.004638318857813788,
      0.004515100215153533,
      0.004394298228815033,
      0.004358832753107683,
      0.0043625333498923165,
      0.004499523181154727,
      0.004951206837900562,
      0.00452949577823699,
      0.004584076693087099,
      0.004358989001619143,
      0.004346472911756406,
      0.0042006518679046,
      0.00420098794887186,
      0.004362093376282336,
      0.004286818540104121,
      0.004160629780080327,
      0.004139414604370891,
      0.00421482681536574,
      0.00408935515671874,
      0.004189972762311105,
      0.004177663502878814,
      0.0042634723228971326,
      0.004089752659402486,
      0.003967346492962309,
      0.003987695202619097,
      0.004078369603770418,
      0.004015469949366137,
      0.004138913742204744,
      0.0040770626540526335,
      0.0039026231081316803,
      0.003917707075733156,
      0.003958782764868506,
      0.003920802669582038,
      0.003923863343156413,
      0.003859992733538521,
      0.0036981898539925496,
      0.003954852161246705,
      0.003992993193659837,
      0.004388302146681113,
      0.0038347639875635138,
      0.0037372488288961833,
      0.003754325899468646,
      0.003603872292247435,
      0.0038138137332425948,
      0.004003189451686968,
      0.00546000552338242,
      0.003693402562309306,
      0.0036202707562488267,
      0.0035993339126026962,
      0.003618895074114942,
      0.00353034859306941,
      0.0036247753935621098,
      0.0035830505430932903,
      0.003994994351932535,
      0.003470892443934218,
      0.0034595173423401463,
      0.003439823880127186
    ],
    "validation_scores": null,
    "macro_f1": 0.7878867542454595,
    "macro_f1_tested": 0.7878867542454595,
    "test_class_distribution": {
      "ALL_IN": 8,
      "CHECK_CALL": 299,
      "FOLD": 144,
      "RAISE_HALF_POT": 5,
      "RAISE_POT": 669
    }
  },
  "warnings": []
}
